USA Total11,076,181+11,719250,077+1006,790,8754,035,22933,463756165,245,173499,226  1
Texas 1,078,194 

19,946  
877,168 
181,080 37,184688
10,136,547 349,586
28,995,881 
[view by county] [1] [2]  
[projections]
2
California 1,017,123 

18,221  
509,984 
488,918 25,742461
20,478,500 518,283
39,512,223 
[view by county] [1]  
[projections]
3
Florida 870,552 

17,450  
612,068 
241,034 40,533812
10,861,776 505,723
21,477,737 
[view by county] [1] [2] [3]  
[projections]
4
New York 588,381 

33,955  
428,514 
125,912 30,2451,745
16,434,914 844,828
19,453,561 
[view by county] [1] [2] [3]  
[projections]
5
Illinois 551,957 

10,891  
309,710 
231,356 43,558859
8,871,640 700,108
12,671,821 
[1] [2] [3] [4]  
[projections]
6
Georgia 419,870 

 8,905  
260,296 
150,669 39,545839
4,181,887 393,870
10,617,423 
[1] [2]  
[projections]
7
North Carolina 305,233 

4,720  
261,719 
38,794 29,103450
4,522,336 431,188
10,488,084 
[1] [2] [3]  
[projections]
8
Wisconsin 301,165 

2,573  
229,469 
69,123 51,725442
2,276,677 391,018
5,822,434 
[1] [2] [3] [4] [5] [6]  
[projections]
9
Tennessee 300,458 

3,852  
265,459 
31,147 43,996564
3,999,108 585,592
6,829,174 
[1] [2] [3]  
[projections]
10
Ohio 282,528 

5,736  
197,674 
79,118 24,170491
5,117,591 437,809
11,689,100 
[view by county] [1] [2] [3]  
[projections]
11
New Jersey 276,366 

16,651  
186,587 
73,128 31,1151,875
5,169,231 581,977
8,882,190 
[view by county] [1]  
[projections]
12
Arizona 269,577 

6,257  
44,675 
218,645 37,036860
2,271,502 312,075
 7,278,717 
[1]  
[projections]
13
Michigan 268,362 

8,308  
128,981 
131,073 26,872832
6,018,694 602,661
9,986,857 
[1] [2] [3] [4]  
[projections]
14
Pennsylvania 260,001 

9,317  
178,070 
72,614 20,309728
3,081,117 240,675
12,801,989 
[view by county] [1]  
[projections]
15
Missouri 241,830 

 3,524  
64,667 
173,639 39,402574
2,904,147 473,186
6,137,428 
[1] [2] [3] [4] [5] [6] [7] [8]  
[projections]
16
Indiana 236,565 

4,863  
144,548 
87,154 35,139722
3,414,373 507,169
6,732,219 
[1] [2]  
[projections]
17
Alabama 215,843 
+2,226 
3,246 +15 
88,038 
124,559 44,021662
1,520,902 310,187
4,903,185 
[1]  
[projections]
18
Minnesota 207,339 

2,895  
161,756 
42,688 36,765513
3,304,436 585,931
5,639,632 
[1] [2]  
[projections]
19
Louisiana 201,981 

6,121  
176,107 
19,753 43,4481,317
3,052,383 656,597
4,648,794 
[view by county] [1]  
[projections]
20
Virginia 200,799 
+1,537 
3,799 +14 
 22,095 
174,905 23,525445
3,125,263 366,148
8,535,519 
[1] [2]  
[projections]
21
South Carolina 192,101 

4,101  
100,075 
87,925 37,310797
2,261,465 439,229
5,148,714 
[1] [2] [3]  
[projections]
22
Massachusetts 183,095 

10,265  
145,399 
27,431 26,5641,489
7,086,029 1,028,078
6,892,503 
[1]  
[projections]
23
Iowa 180,254 
+3,546 
1,972 +23 
107,542 
70,740 57,132625
1,089,765 345,401
3,155,070 
[1] [2]  
[projections]
24
Maryland 164,090 
+2,321 
4,293 +20 
8,362 
151,435 27,142710
3,831,159 633,702
6,045,680 
[1]  
[projections]
25
Colorado 154,038 

2,504  
50,894 
100,640 26,749435
1,415,886 245,867
5,758,736 
[1]  
[projections]
26
Oklahoma 147,358 

1,493  
121,774 
24,091 37,240377
1,816,690 459,111
3,956,971 
[1] [2] [3]  
[projections]
27
Utah 145,789 

701  
100,892 
44,196 45,474219
1,696,242 529,091
3,205,958 
[1]  
[projections]
28
Kentucky 132,844 

1,647  
23,872 
107,325 29,734369
2,349,785 525,953
4,467,673 
[1] [2] [3]  
[projections]
29
Mississippi 131,970 

3,519  
111,430 
17,021 44,3431,182
1,152,661 387,299
2,976,149 
[1] [2] [3]  
[projections]
30
Washington 130,782 

2,530  
56,752 
71,500 17,175332
2,722,087 357,469
7,614,893 
[view by county] [1]  
[projections]
31
Arkansas 130,318 

2,148  
112,383 
15,787 43,183712
1,575,894 522,199
3,017,804 
[1] [2] [3] [4] [5]  
[projections]
32
Kansas 116,858 

1,256  
73,432 
42,170 40,112431
700,505 240,450
2,913,314 
[1] [2] [3] [4] [5] [6] [7] [8] [9]  
[projections]
33
Nevada 116,737 

1,893  
75,540 
39,304 37,900615
1,388,286 450,719
3,080,156 
[1] [2]  
[projections]
34
Nebraska 92,553 

756  
51,017 
40,780 47,846391
650,985 336,529
 1,934,408 
[1] [2]  
[projections]
35
Connecticut 88,645 

4,737  
46,104 
37,804 24,8631,329
2,700,876 757,548
3,565,287 
[1] [2]  
[projections]
36
Idaho 79,798 

752  
34,482 
44,564 44,653421
580,624 324,904
1,787,065 
[1] [2] [3]  
[projections]
37
South Dakota 62,327 

568  
43,132 
18,627 70,453642
288,661 326,296
884,659 
[1]  
[projections]
38
New Mexico 62,006 

1,198  
24,449 
36,359 29,571571
1,348,194 642,968
2,096,829 
[1] [2]  
[projections]
39
North Dakota 60,602 

707  
49,409 
10,486 79,524928
318,742 418,263
762,062 
[1] [2]  
[projections]
40
Oregon 54,937 

753  
N/A 
N/A 13,025179
940,403 222,964
4,217,737 
[1] [2] [3]  
[projections]
41
Montana 44,244 

477  
25,389 
18,378 41,397446
566,544 530,086
1,068,778 
[1] [2] [3] [4]  
[projections]
42
Rhode Island 41,529 

1,254  
3,086 
37,189 39,2021,184
1,315,383 1,241,676
1,059,361 
[1] [2]  
[projections]
 43
West Virginia 32,792 
+1,153 
574 +9 
23,077 
9,141 18,298320
911,868 508,813
1,792,147 
[1]  
[projections]
44
Delaware 28,016 

734  
14,571 
12,711 28,771754
373,985 384,061
973,764 
[1]  
[projections]
45
Wyoming 21,341 

127  
12,082 
9,132 36,874219
322,900 557,918
578,759 
[1] [2]  
[projections]
46
Alaska 21,275 

97  
6,512 
14,666 29,082133
852,037 1,164,709
731,545 
[1]  
[projections]
47
District Of Columbia 18,814 
+148 
658 +1 
14,160 
3,996 26,658932
583,319 826,525
705,749 
[1]  
[projections]
48
Hawaii 16,412 

222  
12,006 
4,184 11,591157
589,797 416,561
1,415,872 
[1] [2] [3] [4]  
[projections]
49
New Hampshire 13,929 

498  
10,688 
2,743 10,244366
410,867 302,172
 1,359,711 
[1] [2]  
[projections]
50
Maine 8,791 
+152 
163 +1 
6,597 
2,031 6,540121
746,314 555,206
1,344,212 
[1] [2]  
[projections]
51
Vermont 2,743 

59  
1,977 
707 4,39695
198,607 318,286
623,989 
[1]  
[projections]
52
Puerto Rico 76,535 

914  
N/A 
N/A 22,597270
464,073
137,018
3,386,941 
[1] [2] [3] [4]  
53
Guam 5,924 

93  
3,942 
1,889 
76,502


[1] [2]  
54
United States Virgin Islands 1,434 

23  
1,370 
41 
26,110


[1] [2]  
55
Northern Mariana Islands 100 

2  
29 
69 
23,472


[1] [2] [3]  
56
American Samoa 3 

 

3 


[1] [2]  
57
US Military 96,646 

112  
62,701 
33,833 


[1] [2] [3]  
58
Veteran Affairs 88,124 
+636 
4,307 +17 
73,312 
10,505 
913,624


[1] [2]  
59
Federal Prisons 23,082 

139  
18,773 
4,170 
74,862


[1]  
60
Navajo Nation 13,069 

598  
7,910 
4,561 
136,897


[1] [2] [3]  
61
Grand Princess Ship 103 

3  

100 


[1]  
62
Wuhan Repatriated 3 

 

3 
3


 
63
Diamond Princess Ship 46 

 

46 
46


 
Total:11,076,181+11,719250,077+1006,790,8754,035,22933,463756165,245,173499,226  